0 19
1 19
2 18
3 18
4 17
5 16
6 16
7 16
8 16
9 16
10 15
11 15
12 15
13 15
14 15
15 15
16 15
17 15
18 14
19 14
20 14
21 13
22 13
23 12
24 12
25 12
26 11
27 11
28 11
29 11
30 11
31 11
32 11
33 11
34 11
35 11
36 11
37 11
38 11
39 11
40 11
41 11
42 11
43 11
44 11
45 11
46 11
47 11
48 11
49 11
50 11
51 11
52 11
53 11
54 11
55 11
56 11
57 11
58 11
59 10
60 10
61 10
62 10
63 10
64 10
65 10
66 10
67 10
68 10
69 10
70 10
71 10
72 10
73 10
74 10
75 10
76 10
77 10
78 10
79 10
80 10
81 10
82 10
83 10
84 10
85 10
86 10
87 10
88 10
89 10
90 10
91 10
92 10
93 10
94 10
95 10
96 10
97 10
98 10
99 10
100 10
101 10
102 10
103 10
104 10
105 10
106 10
107 10
108 10
109 10
110 10
111 10
112 10
113 10
114 10
115 10
116 10
117 10
118 10
119 10
120 10
121 10
122 10
123 10
124 10
125 10
126 10
127 10
128 10
129 10
130 10
131 10
132 10
133 10
134 10
135 10
136 10
137 10
138 10
139 10
140 10
141 10
142 10
143 10
144 10
145 10
146 10
147 10
148 10
149 10
150 10
151 10
152 10
153 10
154 10
155 10
156 10
157 10
158 10
159 10
160 10
161 10
162 10
163 10
164 10
165 10
166 10
167 10
168 10
169 10
170 10
171 10
172 10
173 10
174 10
175 10
176 10
177 10
178 10
179 10
180 10
181 10
182 10
183 10
184 10
185 10
186 10
187 10
188 10
189 10
190 10
191 10
192 10
193 10
194 10
195 10
196 10
197 10
198 10
199 10
200 10
201 10
202 10
203 10
204 10
205 10
206 10
207 10
208 10
209 10
210 10
211 10
212 10
213 10
214 10
215 10
216 10
217 10
218 10
219 10
220 10
221 10
222 10
223 10
224 10
225 10
226 10
227 10
228 10
229 10
230 10
231 10
232 10
233 10
234 10
235 10
236 10
237 10
238 9
239 9
240 9
241 9
242 9
243 9
244 9
245 9
246 9
247 9
248 9
249 9
250 9
251 9
252 9
253 9
254 9
255 9
256 9
257 9
258 9
259 9
260 9
261 9
262 9
263 9
264 9
265 9
266 9
267 9
268 9
269 9
270 9
271 9
272 9
273 9
274 9
275 9
276 9
277 9
278 9
279 9
280 9
281 9
282 9
283 9
284 9
285 9
286 9
287 9
288 9
289 9
290 9
291 9
292 9
293 9
294 9
295 9
296 9
297 9
298 9
299 9
300 9
301 9
302 9
303 9
304 9
305 9
306 9
307 9
308 9
309 9
310 9
311 9
312 9
313 9
314 9
315 9
316 9
317 9
318 9
319 9
320 9
321 9
322 9
323 9
324 9
325 9
326 9
327 9
328 9
329 9
330 9
331 9
332 9
333 9
334 9
335 9
336 9
337 9
338 9
339 9
340 9
341 9
342 9
343 9
344 9
345 9
346 9
347 9
348 9
349 9
350 9
351 9
352 9
353 9
354 9
355 9
356 9
357 9
358 9
359 9
360 9
361 9
362 9
363 9
364 9
365 9
366 9
367 9
368 9
369 9
370 9
371 9
372 9
373 9
374 9
375 9
376 9
377 9
378 9
379 9
380 9
381 9
382 9
383 9
384 9
385 9
386 9
387 9
388 9
389 9
390 9
391 9
392 9
393 9
394 9
395 9
396 9
397 9
398 9
399 9
400 9
401 9
402 9
403 9
404 9
405 9
406 9
407 9
408 9
409 9
410 9
411 9
412 9
413 9
414 9
415 9
416 9
417 9
418 9
419 9
420 9
421 9
422 9
423 9
424 9
425 9
426 9
427 9
428 9
429 9
430 9
431 9
432 9
433 9
434 9
435 9
436 9
437 9
438 9
439 9
440 9
441 9
442 9
443 9
444 9
445 9
446 9
447 9
448 9
449 9
450 9
451 9
452 9
453 9
454 9
455 9
456 9
457 9
458 9
459 9
460 9
461 9
462 9
463 9
464 9
465 9
466 9
467 9
468 9
469 9
470 9
471 9
472 9
473 9
474 9
475 9
476 9
477 9
478 9
479 9
480 9
481 9
482 9
483 9
484 9
485 9
486 9
487 9
488 9
489 9
490 9
491 9
492 9
493 9
494 9
495 9
496 9
497 9
498 9
499 9
500 9
501 9
502 9
503 9
504 9
505 9
506 9
507 9
508 9
509 9
510 9
511 9
512 9
513 9
514 9
515 9
516 9
517 9
518 9
519 9
520 9
521 9
522 9
523 9
524 9
525 9
526 9
527 9
528 9
529 9
530 9
531 9
532 9
533 9
534 9
535 9
536 9
537 9
538 9
539 9
540 9
541 9
542 9
543 9
544 9
545 9
546 9
547 9
548 9
549 9
550 9
551 9
552 9
553 9
554 9
555 9
556 9
557 9
558 9
559 9
560 9
561 9
562 9
563 9
564 9
565 9
566 9
567 9
568 9
569 9
570 9
571 9
572 9
573 9
574 9
575 9
576 9
577 9
578 9
579 9
580 9
581 9
582 9
583 9
584 9
585 9
586 9
587 9
588 9
589 9
590 9
591 9
592 9
593 9
594 9
595 9
596 9
597 9
598 9
599 9
600 9
601 9
602 9
603 9
604 9
605 9
606 9
607 9
608 9
609 9
610 9
611 9
612 9
613 9
614 9
615 9
616 9
617 9
618 9
619 9
620 9
621 9
622 9
623 9
624 9
625 9
626 9
627 9
628 9
629 9
630 9
631 9
632 9
633 9
634 9
635 9
636 9
637 9
638 9
639 9
640 9
641 9
642 9
643 9
644 9
645 9
646 9
647 9
648 9
649 9
650 9
651 9
652 9
653 9
654 9
655 9
656 9
657 9
658 9
659 9
660 9
661 9
662 9
663 9
664 9
665 9
666 9
667 9
668 9
669 9
670 9
671 9
672 9
673 9
674 9
675 9
676 9
677 9
678 9
679 9
680 9
681 9
682 9
683 9
684 9
685 9
686 9
687 9
688 9
689 9
690 9
691 9
692 9
693 9
694 9
695 9
696 9
697 9
698 9
699 9
700 9
701 9
702 9
703 9
704 9
705 9
706 9
707 9
708 9
709 9
710 9
711 9
712 9
713 9
714 9
715 9
716 9
717 9
718 9
719 9
720 9
721 9
722 9
723 9
724 9
725 9
726 9
727 9
728 9
729 9
730 9
731 9
732 9
733 9
734 9
735 9
736 9
737 9
738 9
739 9
740 9
741 9
742 9
743 9
744 9
745 9
746 9
747 9
748 9
749 9
750 9
751 9
752 9
753 9
754 9
755 9
756 9
757 9
758 9
759 9
760 9
761 9
762 9
763 9
764 9
765 9
766 9
767 9
768 9
769 9
770 9
771 9
772 9
773 9
774 9
775 9
776 9
777 9
778 9
779 9
780 9
781 9
782 9
783 9
784 9
785 9
786 9
787 9
788 9
789 9
790 9
791 9
792 9
793 9
794 9
795 9
796 9
797 9
798 9
799 9
800 9
801 9
802 9
803 9
804 9
805 9
806 9
807 9
808 9
809 9
810 9
811 9
812 9
813 9
814 9
815 9
816 9
817 9
818 9
819 9
820 9
821 9
822 9
823 9
824 9
825 9
826 9
827 9
828 9
829 9
830 9
831 9
832 9
833 9
834 9
835 9
836 9
837 9
838 9
839 9
840 9
841 9
842 9
843 9
844 9
845 9
846 9
847 9
848 9
849 9
850 9
851 9
852 9
853 9
854 9
855 9
856 9
857 9
858 9
859 9
860 9
861 9
862 9
863 9
864 9
865 9
866 9
867 9
868 9
869 9
870 9
871 9
872 9
873 9
874 9
875 9
876 9
877 9
878 9
879 9
880 9
881 9
882 9
883 9
884 9
885 9
886 9
887 9
888 9
889 9
890 9
891 9
892 9
893 9
894 9
895 9
896 9
897 9
898 9
899 9
900 9
901 9
902 9
903 9
904 9
905 9
906 9
907 9
908 9
909 9
910 9
911 9
912 9
913 9
914 9
915 9
916 9
917 9
918 9
919 9
920 9
921 9
922 9
923 9
924 9
925 9
926 9
927 9
928 9
929 9
930 9
931 9
932 9
933 9
934 9
935 9
936 9
937 9
938 9
939 9
940 9
941 9
942 9
943 9
944 9
945 9
946 9
947 9
948 9
949 9
950 9
951 9
952 9
953 9
954 9
955 9
956 9
957 9
958 9
959 9
960 9
961 9
962 9
963 9
964 9
965 9
966 9
967 9
968 9
969 9
970 9
971 9
972 9
973 9
974 9
975 9
976 9
977 9
978 9
979 9
980 9
981 9
982 9
983 9
984 9
985 9
986 9
987 9
988 9
989 9
990 9
991 9
992 9
993 9
994 9
995 9
996 9
997 9
998 9
999 9
1000 9
1001 9
1002 9
1003 9
1004 9
1005 9
1006 9
1007 9
1008 9
1009 9
1010 9
1011 9
1012 9
1013 9
1014 9
1015 9
1016 9
1017 9
1018 9
1019 9
1020 9
1021 9
1022 9
1023 9
1024 9
1025 9
1026 9
1027 9
1028 9
1029 9
1030 9
1031 9
1032 9
1033 9
1034 9
1035 9
1036 9
1037 9
1038 9
1039 9
1040 9
1041 9
1042 9
1043 9
1044 9
1045 9
1046 9
1047 9
1048 9
1049 9
1050 9
1051 9
1052 9
1053 9
1054 9
1055 9
1056 9
1057 9
1058 9
1059 9
1060 9
1061 9
1062 9
1063 9
1064 9
1065 9
1066 9
1067 9
1068 9
1069 9
1070 9
1071 9
1072 9
1073 9
1074 9
1075 9
1076 9
1077 9
1078 9
1079 9
1080 9
1081 9
1082 9
1083 9
1084 9
1085 9
1086 9
1087 9
1088 9
1089 9
1090 9
1091 9
1092 9
1093 9
1094 9
1095 9
1096 9
1097 9
1098 9
1099 9
1100 9
1101 9
1102 9
1103 9
1104 9
1105 9
1106 9
1107 9
1108 9
1109 9
1110 9
1111 9
1112 9
1113 9
1114 9
1115 9
1116 9
1117 9
1118 9
1119 9
1120 9
1121 9
1122 9
1123 9
1124 9
1125 9
1126 9
1127 9
1128 9
1129 9
1130 9
1131 9
1132 9
1133 9
1134 9
1135 9
1136 9
1137 9
1138 9
1139 9
1140 9
1141 9
1142 9
1143 9
1144 9
1145 9
1146 9
1147 9
1148 9
1149 9
1150 9
1151 9
1152 9
1153 9
1154 9
1155 9
1156 9
1157 9
1158 9
1159 9
1160 9
1161 9
1162 9
1163 9
1164 9
1165 9
1166 9
1167 9
1168 9
1169 9
1170 9
1171 9
1172 9
1173 9
1174 9
1175 9
1176 9
1177 9
1178 9
1179 9
1180 9
1181 9
1182 9
1183 9
1184 9
1185 9
1186 9
1187 9
1188 9
1189 9
1190 9
1191 9
1192 9
1193 9
1194 9
1195 9
1196 9
1197 9
1198 9
1199 9
1200 9
1201 9
1202 9
1203 9
1204 9
1205 9
1206 9
1207 9
1208 9
1209 9
1210 9
1211 9
1212 9
1213 9
1214 9
1215 9
1216 9
1217 9
1218 9
1219 9
1220 9
1221 9
1222 9
1223 9
1224 9
1225 9
1226 9
1227 9
1228 9
1229 9
1230 9
1231 9
1232 9
1233 9
1234 9
1235 9
1236 9
1237 9
1238 9
1239 9
1240 9
1241 9
1242 9
1243 9
1244 9
1245 9
1246 9
1247 9
1248 9
1249 9
1250 9
1251 9
1252 9
1253 9
1254 9
1255 9
1256 9
1257 9
1258 9
1259 9
1260 9
1261 9
1262 9
1263 9
1264 9
1265 9
1266 9
1267 9
1268 9
1269 9
1270 9
1271 9
1272 9
1273 9
1274 9
1275 9
1276 9
1277 9
1278 9
1279 9
1280 9
1281 9
1282 9
1283 9
1284 9
1285 9
1286 9
1287 9
1288 9
1289 9
1290 9
1291 9
1292 9
1293 9
1294 9
1295 9
1296 9
1297 9
1298 9
1299 9
1300 9
1301 9
1302 9
1303 9
1304 9
1305 9
1306 9
1307 9
1308 9
1309 9
1310 9
1311 9
1312 9
1313 9
1314 9
1315 9
1316 9
1317 9
1318 9
1319 9
1320 9
1321 9
1322 9
1323 9
1324 9
1325 9
1326 9
1327 9
1328 9
1329 9
1330 9
1331 9
1332 9
1333 9
1334 9
1335 9
1336 9
1337 9
1338 9
1339 9
1340 9
1341 9
1342 9
1343 9
1344 9
1345 9
1346 9
1347 9
1348 9
1349 9
1350 9
1351 9
1352 9
1353 9
1354 9
1355 9
1356 9
1357 9
1358 9
1359 9
1360 9
1361 9
1362 9
1363 9
1364 9
1365 9
1366 9
1367 9
1368 9
1369 9
1370 9
1371 9
1372 9
1373 9
1374 9
1375 9
1376 9
1377 9
1378 9
1379 9
1380 9
1381 9
1382 9
1383 9
1384 9
1385 9
1386 9
1387 9
1388 9
1389 9
1390 9
1391 9
1392 9
1393 9
1394 9
1395 9
1396 9
1397 9
1398 9
1399 9
1400 9
1401 9
1402 9
1403 9
1404 9
1405 9
1406 9
1407 9
1408 9
1409 9
1410 9
1411 9
1412 9
1413 9
1414 9
1415 9
1416 9
1417 9
1418 9
1419 9
1420 9
1421 9
1422 9
1423 9
1424 9
1425 9
1426 9
1427 9
1428 9
1429 9
1430 9
1431 9
1432 9
1433 9
1434 9
1435 9
1436 9
1437 9
1438 9
1439 9
1440 9
1441 9
1442 9
1443 9
1444 9
1445 9
1446 9
1447 9
1448 9
1449 9
1450 9
1451 9
1452 9
1453 9
1454 9
1455 9
1456 9
1457 9
1458 9
1459 9
1460 9
1461 9
1462 9
1463 9
1464 9
1465 9
1466 9
1467 9
1468 9
1469 9
1470 9
1471 9
1472 9
1473 9
1474 9
1475 9
1476 9
1477 9
1478 9
1479 9
1480 9
1481 9
1482 9
1483 9
1484 9
1485 9
1486 9
1487 9
1488 9
1489 9
1490 9
1491 9
1492 9
1493 9
1494 9
1495 9
1496 9
1497 9
1498 9
1499 9
1500 9
1501 9
1502 9
1503 9
1504 9
1505 9
1506 9
1507 9
1508 9
1509 9
1510 9
1511 9
1512 9
1513 9
1514 9
1515 9
1516 9
1517 9
1518 9
1519 9
1520 9
1521 9
1522 9
1523 9
1524 9
1525 9
1526 9
1527 9
1528 9
1529 9
1530 9
1531 9
1532 9
1533 9
1534 9
1535 9
1536 9
1537 9
1538 9
1539 9
1540 9
1541 9
1542 9
1543 9
1544 9
1545 9
1546 9
1547 9
1548 9
1549 9
1550 9
1551 9
1552 9
1553 9
1554 9
1555 9
1556 9
1557 9
1558 9
1559 9
1560 9
1561 9
1562 9
1563 9
1564 9
1565 9
1566 9
1567 9
1568 9
1569 9
1570 9
1571 9
1572 9
1573 9
1574 9
1575 9
1576 9
1577 9
1578 9
1579 9
1580 9
1581 9
1582 9
1583 9
1584 9
1585 9
1586 9
1587 9
1588 9
1589 9
1590 9
1591 9
1592 9
1593 9
1594 9
1595 9
1596 9
1597 9
1598 9
1599 9
1600 9
1601 9
1602 9
1603 9
1604 9
1605 9
1606 9
1607 9
1608 9
1609 9
1610 9
1611 9
1612 9
1613 9
1614 9
1615 9
1616 9
1617 9
1618 9
1619 9
1620 9
1621 9
1622 9
1623 9
1624 9
1625 9
1626 9
1627 9
1628 9
1629 9
1630 9
1631 9
1632 9
1633 9
1634 9
1635 9
1636 9
1637 9
1638 9
1639 9
1640 9
1641 9
1642 9
1643 9
1644 9
1645 9
1646 9
1647 9
1648 9
1649 9
1650 9
1651 9
1652 9
1653 9
1654 9
1655 9
1656 9
1657 9
1658 9
1659 9
1660 9
1661 9
1662 9
1663 9
1664 9
1665 9
1666 9
1667 9
1668 9
1669 9
1670 9
1671 9
1672 9
1673 9
1674 9
1675 9
1676 9
1677 9
1678 9
1679 9
1680 9
1681 9
1682 9
1683 9
1684 9
1685 9
1686 9
1687 9
1688 9
1689 9
1690 9
1691 9
1692 9
1693 9
1694 9
1695 9
1696 9
1697 9
1698 9
1699 9
1700 9
1701 9
1702 9
1703 9
1704 9
1705 9
1706 9
1707 9
1708 9
1709 9
1710 9
1711 9
1712 9
1713 9
1714 9
1715 9
1716 9
1717 9
1718 9
1719 9
1720 9
1721 9
1722 9
1723 9
1724 9
1725 9
1726 9
1727 9
1728 9
1729 9
1730 9
1731 9
1732 9
1733 9
1734 9
1735 9
1736 9
1737 9
1738 9
1739 9
1740 9
1741 9
1742 9
1743 9
1744 9
1745 9
1746 9
1747 9
1748 9
1749 9
1750 9
1751 9
1752 9
1753 9
1754 9
1755 9
1756 9
1757 9
1758 9
1759 9
1760 9
1761 9
1762 9
1763 9
1764 9
1765 9
1766 9
1767 9
1768 9
1769 9
1770 9
1771 9
1772 9
1773 9
1774 9
1775 9
1776 9
1777 9
1778 9
1779 9
1780 9
1781 9
1782 9
1783 9
1784 9
1785 9
1786 9
1787 9
1788 9
1789 9
1790 9
1791 9
1792 9
1793 9
1794 9
1795 9
1796 9
1797 9
1798 9
1799 9
1800 9
1801 9
1802 9
1803 9
1804 9
1805 9
1806 9
1807 9
1808 9
1809 9
1810 9
1811 9
1812 9
1813 9
1814 9
1815 9
1816 9
1817 9
1818 9
1819 9
1820 9
1821 9
1822 9
1823 9
1824 9
1825 9
1826 9
1827 9
1828 9
1829 9
1830 9
1831 9
1832 9
1833 9
1834 9
1835 9
1836 9
1837 9
1838 9
1839 9
1840 9
1841 9
1842 9
1843 9
1844 9
1845 9
1846 9
1847 9
1848 9
1849 9
1850 9
1851 9
1852 9
1853 9
1854 9
1855 9
1856 9
1857 9
1858 9
1859 9
1860 9
1861 9
1862 9
1863 9
1864 9
1865 9
1866 9
1867 9
1868 9
1869 9
1870 9
1871 9
1872 9
1873 9
1874 9
1875 9
1876 9
1877 9
1878 9
1879 9
1880 9
1881 9
1882 9
1883 9
1884 9
1885 9
1886 9
1887 9
1888 9
1889 9
1890 9
1891 9
1892 9
1893 9
1894 9
1895 9
1896 9
1897 9
1898 9
1899 9
1900 9
1901 9
1902 9
1903 9
1904 9
1905 9
1906 9
1907 9
1908 9
1909 9
1910 9
1911 9
1912 9
1913 9
1914 9
1915 9
1916 9
1917 9
1918 9
1919 9
1920 9
1921 9
1922 9
1923 9
1924 9
1925 9
1926 9
1927 9
1928 9
1929 9
1930 9
1931 9
1932 9
1933 9
1934 9
1935 9
1936 9
1937 9
1938 9
1939 9
1940 9
1941 9
1942 9
1943 9
1944 9
1945 9
1946 9
1947 9
1948 9
1949 9
1950 9
1951 9
1952 9
1953 9
1954 9
1955 9
1956 9
1957 9
1958 9
1959 9
1960 9
1961 9
1962 9
1963 9
1964 9
1965 9
1966 9
1967 9
1968 9
1969 9
1970 9
1971 9
1972 9
1973 9
1974 9
1975 9
1976 9
1977 9
1978 9
1979 9
1980 9
1981 9
1982 9
1983 9
1984 9
1985 9
1986 9
1987 9
1988 9
1989 9
1990 9
1991 9
1992 9
1993 9
1994 9
1995 9
1996 9
1997 9
1998 9
1999 9
2000 9
2001 9
2002 9
2003 9
2004 9
2005 9
2006 9
2007 9
2008 9
2009 9
2010 9
2011 9
2012 9
2013 9
2014 9
2015 9
2016 9
2017 9
2018 9
2019 9
2020 9
2021 9
2022 9
2023 9
2024 9
2025 9
2026 9
2027 9
2028 9
2029 9
2030 9
2031 9
2032 9
2033 9
2034 9
2035 9
2036 9
2037 9
2038 9
2039 9
2040 9
2041 9
2042 9
2043 9
2044 9
2045 9
2046 9
2047 9
2048 9
2049 9
2050 9
2051 9
2052 9
2053 9
2054 9
2055 9
2056 9
2057 9
2058 9
2059 9
2060 9
2061 9
2062 9
2063 9
2064 9
2065 9
2066 9
2067 9
2068 9
2069 9
2070 9
2071 9
2072 9
2073 9
2074 9
2075 9
2076 9
2077 9
2078 9
2079 9
2080 9
2081 9
2082 9
2083 9
2084 9
2085 9
2086 9
2087 9
2088 9
2089 9
2090 9
2091 9
2092 9
2093 9
2094 9
2095 9
2096 9
2097 9
2098 9
2099 9
2100 9
2101 9
2102 9
2103 9
2104 9
2105 9
2106 9
2107 9
2108 9
2109 9
2110 9
2111 9
2112 9
2113 9
2114 9
2115 9
2116 9
2117 9
2118 9
2119 9
2120 9
2121 9
2122 9
2123 9
2124 9
2125 9
2126 9
2127 9
2128 9
2129 9
2130 9
2131 9
2132 9
2133 9
2134 9
2135 9
2136 9
2137 9
2138 9
2139 9
2140 9
2141 9
2142 9
2143 9
2144 9
2145 9
2146 9
2147 9
2148 9
2149 9
2150 9
2151 9
2152 9
2153 9
2154 9
2155 9
2156 9
2157 9
2158 9
2159 9
2160 9
2161 9
2162 9
2163 9
2164 9
2165 9
2166 9
2167 9
2168 9
2169 9
2170 9
2171 9
2172 9
2173 9
2174 9
2175 9
2176 9
2177 9
2178 9
2179 9
2180 9
2181 9
2182 9
2183 9
2184 9
2185 9
2186 9
2187 9
2188 9
2189 9
2190 9
2191 9
2192 9
2193 9
2194 9
2195 9
2196 9
2197 9
2198 9
2199 9
2200 9
2201 9
2202 9
2203 9
2204 9
2205 9
2206 9
2207 9
2208 9
2209 9
2210 9
2211 9
2212 9
2213 9
2214 8
2215 8
2216 8
2217 8
2218 8
2219 8
2220 8
2221 8
2222 8
2223 8
2224 8
2225 8
2226 8
2227 8
2228 8
2229 8
2230 8
2231 8
2232 8
2233 8
2234 8
2235 8
2236 8
2237 8
2238 8
2239 8
2240 8
2241 8
2242 8
2243 8
2244 8
2245 8
2246 8
2247 8
2248 8
2249 8
2250 8
2251 8
2252 8
2253 8
2254 8
2255 8
2256 8
2257 8
2258 8
2259 8
2260 8
2261 8
2262 8
2263 8
2264 8
2265 8
2266 8
2267 8
2268 8
2269 8
2270 8
2271 8
2272 8
2273 8
2274 8
2275 8
2276 8
2277 8
2278 8
2279 8
2280 8
2281 8
2282 8
2283 8
2284 8
2285 8
2286 8
2287 8
2288 8
2289 8
2290 8
2291 8
2292 8
2293 8
2294 8
2295 8
2296 8
2297 8
2298 8
2299 8
2300 8
2301 8
2302 8
2303 8
2304 8
2305 8
2306 8
2307 8
2308 8
2309 8
2310 8
2311 8
2312 8
2313 8
2314 8
2315 8
2316 8
2317 8
2318 8
2319 8
2320 8
2321 8
2322 8
2323 8
2324 8
2325 8
2326 8
2327 8
2328 8
2329 8
2330 8
2331 8
2332 8
2333 8
2334 8
2335 8
2336 8
2337 8
2338 8
2339 8
2340 8
2341 8
2342 8
2343 8
2344 8
2345 8
2346 8
2347 8
2348 8
2349 8
2350 8
2351 8
2352 8
2353 8
2354 8
2355 8
2356 8
2357 8
2358 8
2359 8
2360 8
2361 8
2362 8
2363 8
2364 8
2365 8
2366 8
2367 8
2368 8
2369 8
2370 8
2371 8
2372 8
2373 8
2374 8
2375 8
2376 8
2377 8
2378 8
2379 8
2380 8
2381 8
2382 8
2383 8
2384 8
2385 8
2386 8
2387 8
2388 8
2389 8
2390 8
2391 8
2392 8
2393 8
2394 8
2395 8
2396 8
2397 8
2398 8
2399 8
2400 8
2401 8
2402 8
2403 8
2404 8
2405 8
2406 8
2407 8
2408 8
2409 8
2410 8
2411 8
2412 8
2413 8
2414 8
2415 8
2416 8
2417 8
2418 8
2419 8
2420 8
2421 8
2422 8
2423 8
2424 8
2425 8
2426 8
2427 8
2428 8
2429 8
2430 8
2431 8
2432 8
2433 8
2434 8
2435 8
2436 8
2437 8
2438 8
2439 8
2440 8
2441 8
2442 8
2443 8
2444 8
2445 8
2446 8
2447 8
2448 8
2449 8
2450 8
2451 8
2452 8
2453 8
2454 8
2455 8
2456 8
2457 8
2458 8
2459 8
2460 8
2461 8
2462 8
2463 8
2464 8
2465 8
2466 8
2467 8
2468 8
2469 8
2470 8
2471 8
2472 8
2473 8
2474 8
2475 8
2476 8
2477 8
2478 8
2479 8
2480 8
2481 8
2482 8
2483 8
2484 8
2485 8
2486 8
2487 8
2488 8
2489 8
2490 8
2491 8
2492 8
2493 8
2494 8
2495 8
2496 8
2497 8
2498 8
2499 8
2500 8
2501 8
2502 8
2503 8
2504 8
2505 8
2506 8
2507 8
2508 8
2509 8
2510 8
2511 8
2512 8
2513 8
2514 8
2515 8
2516 8
2517 8
2518 8
2519 8
2520 8
2521 8
2522 8
2523 8
2524 8
2525 8
2526 8
2527 8
2528 7
2529 7
2530 7
2531 7
2532 7
2533 7
2534 7
2535 7
2536 7
2537 7
2538 7
2539 7
2540 7
2541 7
2542 7
2543 7
2544 7
2545 7
2546 7
2547 7
2548 7
2549 7
2550 7
2551 7
2552 7
2553 7
2554 7
2555 7
2556 7
2557 7
2558 7
2559 7
2560 7
2561 7
2562 7
2563 7
2564 7
2565 7
2566 7
2567 7
2568 7
2569 7
2570 7
2571 7
2572 7
2573 7
2574 7
2575 7
2576 7
2577 7
2578 7
2579 7
2580 7
2581 7
2582 7
2583 7
2584 7
2585 7
2586 7
2587 7
2588 7
2589 7
2590 7
2591 7
2592 7
2593 7
2594 7
2595 7
2596 7
2597 7
2598 7
2599 7
2600 7
2601 7
2602 7
2603 7
2604 7
2605 7
2606 7
2607 7
2608 7
2609 7
2610 7
2611 7
2612 7
2613 7
2614 7
2615 7
2616 7
2617 7
2618 7
2619 7
2620 7
2621 7
2622 7
2623 7
2624 7
2625 7
2626 7
2627 7
2628 7
2629 7
2630 7
2631 7
2632 7
2633 7
2634 7
2635 7
2636 7
2637 7
2638 7
2639 7
2640 7
2641 7
2642 7
2643 7
2644 7
2645 7
2646 7
2647 7
2648 7
2649 7
2650 7
2651 7
2652 7
2653 7
2654 7
2655 7
2656 7
2657 7
2658 7
2659 7
2660 7
2661 7
2662 7
2663 7
2664 7
2665 7
2666 7
2667 7
2668 7
2669 7
2670 7
2671 7
2672 7
2673 7
2674 7
2675 7
2676 7
2677 7
2678 7
2679 7
2680 7
2681 7
2682 7
2683 7
2684 7
2685 7
2686 7
2687 7
2688 7
2689 7
2690 7
2691 7
2692 7
2693 7
2694 7
2695 7
2696 7
2697 7
2698 7
2699 7
2700 7
2701 7
2702 7
2703 7
2704 7
2705 7
2706 7
2707 7
2708 7
2709 7
2710 7
2711 7
2712 7
2713 7
2714 7
2715 7
2716 7
2717 7
2718 7
2719 7
2720 7
2721 7
2722 7
2723 7
2724 7
2725 7
2726 7
2727 7
2728 7
2729 7
2730 7
2731 7
2732 7
2733 7
2734 7
2735 7
2736 7
2737 7
2738 7
2739 7
2740 7
2741 7
2742 7
2743 7
2744 7
2745 7
2746 7
2747 7
2748 7
2749 7
2750 7
2751 7
2752 7
2753 7
2754 7
2755 7
2756 7
2757 7
2758 7
2759 7
2760 7
2761 7
2762 7
2763 7
2764 7
2765 7
2766 7
2767 7
2768 7
2769 7
2770 7
2771 7
2772 7
2773 7
2774 7
2775 7
2776 7
2777 7
2778 7
2779 7
2780 7
2781 7
2782 7
2783 7
2784 7
2785 7
2786 7
2787 7
2788 7
2789 7
2790 7
2791 7
2792 7
2793 7
2794 7
2795 7
2796 7
2797 7
2798 7
2799 7
2800 7
2801 7
2802 7
2803 7
2804 7
2805 7
2806 7
2807 7
2808 7
2809 7
2810 7
2811 7
2812 7
2813 7
2814 7
2815 7
2816 7
2817 7
2818 7
2819 7
2820 7
2821 7
2822 7
2823 7
2824 7
2825 7
2826 7
2827 7
2828 7
2829 7
2830 7
2831 7
2832 7
2833 7
2834 7
2835 7
2836 7
2837 7
2838 7
2839 7
2840 7
2841 7
2842 7
2843 7
2844 7
2845 7
2846 7
2847 7
2848 7
2849 7
2850 7
2851 7
2852 7
2853 7
2854 7
2855 7
2856 7
2857 7
2858 7
2859 7
2860 7
2861 7
2862 7
2863 7
2864 7
2865 7
2866 7
2867 7
2868 7
2869 7
2870 7
2871 7
2872 7
2873 7
2874 7
2875 7
2876 7
2877 7
2878 7
2879 7
2880 7
2881 7
2882 7
2883 7
2884 7
2885 7
2886 7
2887 7
2888 7
2889 7
2890 7
2891 7
2892 7
2893 7
2894 7
2895 7
2896 7
2897 7
2898 7
2899 7
2900 7
2901 7
2902 7
2903 7
2904 7
2905 7
2906 7
2907 7
2908 7
2909 7
2910 7
2911 7
2912 7
2913 7
2914 7
2915 7
2916 7
2917 7
2918 7
2919 7
2920 7
2921 7
2922 7
2923 7
2924 7
2925 7
2926 7
2927 7
2928 7
2929 7
2930 7
2931 7
2932 7
2933 7
2934 7
2935 7
2936 7
2937 7
2938 7
2939 7
2940 7
2941 7
2942 7
2943 7
2944 7
2945 7
2946 7
2947 7
2948 7
2949 7
2950 7
2951 7
2952 7
2953 7
2954 7
2955 7
2956 7
2957 7
2958 7
2959 7
2960 7
2961 7
2962 7
2963 7
2964 7
2965 7
2966 7
2967 7
2968 7
2969 7
2970 7
2971 7
2972 7
2973 7
2974 7
2975 7
2976 7
2977 7
2978 7
2979 7
2980 7
2981 7
2982 7
2983 7
2984 7
2985 7
2986 7
2987 7
2988 7
2989 7
2990 7
2991 7
2992 7
2993 7
2994 7
2995 7
2996 7
2997 7
2998 7
2999 7
3000 7
3001 7
3002 7
3003 7
3004 7
3005 7
3006 7
3007 7
3008 7
3009 7
3010 7
3011 7
3012 7
3013 7
3014 7
3015 7
3016 7
3017 7
3018 7
3019 7
3020 7
3021 7
3022 7
3023 7
3024 7
3025 7
3026 7
3027 7
3028 7
3029 7
3030 7
3031 7
3032 7
3033 7
3034 7
3035 7
3036 7
3037 7
3038 7
3039 7
3040 7
3041 7
3042 7
3043 7
3044 7
3045 7
3046 7
3047 7
3048 7
3049 7
3050 7
3051 7
3052 7
3053 7
3054 7
3055 7
3056 7
3057 7
3058 7
3059 7
3060 7
3061 7
3062 7
3063 7
3064 7
3065 7
3066 7
3067 7
3068 7
3069 7
3070 7
3071 7
3072 7
3073 7
3074 7
3075 7
3076 7
3077 7
3078 7
3079 7
3080 7
3081 7
3082 7
3083 7
3084 7
3085 7
3086 7
3087 7
3088 7
3089 7
3090 7
3091 7
3092 7
3093 7
3094 7
3095 7
3096 7
3097 7
3098 7
3099 7
3100 7
3101 7
3102 7
3103 7
3104 7
3105 7
3106 7
3107 7
3108 7
3109 7
3110 7
3111 7
3112 7
3113 7
3114 7
3115 7
3116 7
3117 7
3118 7
3119 7
3120 7
3121 7
3122 7
3123 7
3124 7
3125 7
3126 7
3127 7
3128 7
3129 7
3130 7
3131 7
3132 7
3133 7
3134 7
3135 7
3136 7
3137 7
3138 7
3139 7
3140 7
3141 7
3142 7
3143 7
3144 7
3145 7
3146 7
3147 7
3148 7
3149 7
3150 7
3151 7
3152 7
3153 7
3154 7
3155 7
3156 7
3157 7
3158 7
3159 7
3160 7
3161 7
3162 7
3163 7
3164 7
3165 7
3166 7
3167 7
3168 7
3169 7
3170 7
3171 7
3172 7
3173 7
3174 7
3175 7
3176 7
3177 7
3178 7
3179 7
3180 7
3181 7
3182 7
3183 7
3184 7
3185 7
3186 7
3187 7
3188 7
3189 7
3190 7
3191 7
3192 7
3193 7
3194 7
3195 7
3196 7
3197 7
3198 7
3199 7
3200 7
3201 7
3202 7
3203 7
3204 7
3205 7
3206 7
3207 7
3208 7
3209 7
3210 7
3211 7
3212 7
3213 7
3214 7
3215 7
3216 7
3217 7
3218 7
3219 7
3220 7
3221 7
3222 7
3223 7
3224 7
3225 7
3226 7
3227 7
3228 7
3229 7
3230 7
3231 7
3232 7
3233 7
3234 7
3235 7
3236 7
3237 7
3238 7
3239 7
3240 7
3241 7
3242 7
3243 7
3244 7
3245 7
3246 7
3247 7
3248 7
3249 7
3250 7
3251 7
3252 7
3253 7
3254 7
3255 7
3256 7
3257 7
3258 7
3259 7
3260 7
3261 7
3262 7
3263 7
3264 7
3265 7
3266 7
3267 7
3268 7
3269 7
3270 7
3271 7
3272 7
3273 7
3274 7
3275 7
3276 7
3277 7
3278 7
3279 7
3280 7
3281 7
3282 7
3283 7
3284 7
3285 7
3286 7
3287 7
3288 7
3289 7
3290 7
3291 7
3292 7
3293 7
3294 7
3295 7
3296 7
3297 7
3298 7
3299 7
3300 7
3301 7
3302 7
3303 7
3304 7
3305 7
3306 7
3307 7
3308 7
3309 7
3310 7
3311 7
3312 7
3313 7
3314 7
3315 7
3316 7
3317 7
3318 7
3319 7
3320 7
3321 7
3322 7
3323 7
3324 7
3325 7
3326 7
3327 7
3328 7
3329 7
3330 7
3331 7
3332 7
3333 7
3334 7
3335 7
3336 7
3337 7
3338 7
3339 7
3340 7
3341 7
3342 7
3343 7
3344 7
3345 7
3346 7
3347 7
3348 7
3349 7
3350 7
3351 7
3352 7
3353 7
3354 7
3355 7
3356 7
3357 7
3358 7
3359 7
3360 7
3361 7
3362 7
3363 7
3364 7
3365 7
3366 7
3367 7
3368 7
3369 7
3370 7
3371 7
3372 7
3373 7
3374 7
3375 7
3376 7
3377 7
3378 7
3379 7
3380 7
3381 7
3382 7
3383 7
3384 7
3385 7
3386 7
3387 7
3388 7
3389 7
3390 7
3391 7
3392 7
3393 7
3394 7
3395 7
3396 7
3397 7
3398 7
3399 7
3400 7
3401 7
3402 7
3403 7
3404 7
3405 7
3406 7
3407 7
3408 7
3409 7
3410 7
3411 7
3412 7
3413 7
3414 7
3415 7
3416 7
3417 7
3418 7
3419 7
3420 7
3421 7
3422 7
3423 7
3424 7
3425 7
3426 7
3427 7
3428 7
3429 7
3430 7
3431 7
3432 7
3433 7
3434 7
3435 7
3436 7
3437 7
3438 7
3439 7
3440 7
3441 7
3442 7
3443 7
3444 7
3445 7
3446 7
3447 7
3448 7
3449 7
3450 7
3451 7
3452 7
3453 7
3454 7
3455 7
3456 7
3457 7
3458 7
3459 7
3460 7
3461 7
3462 7
3463 7
3464 7
3465 7
3466 7
3467 7
3468 7
3469 7
3470 7
3471 7
3472 7
3473 7
3474 7
3475 7
3476 7
3477 7
3478 7
3479 7
3480 7
3481 7
3482 7
3483 7
3484 7
3485 7
3486 7
3487 7
3488 7
3489 7
3490 7
3491 7
3492 7
3493 7
3494 7
3495 7
3496 7
3497 7
3498 7
3499 7
3500 7
3501 7
3502 7
3503 7
3504 7
3505 7
3506 7
3507 7
3508 7
3509 7
3510 7
3511 7
3512 7
3513 7
3514 7
3515 7
3516 7
3517 7
3518 7
3519 7
3520 7
3521 7
3522 7
3523 7
3524 7
3525 7
3526 7
3527 7
3528 7
3529 7
3530 7
3531 7
3532 7
3533 7
3534 7
3535 7
3536 7
3537 7
3538 7
3539 7
3540 7
3541 7
3542 7
3543 7
3544 7
3545 7
3546 7
3547 7
3548 7
3549 7
3550 7
3551 7
3552 7
3553 7
3554 7
3555 7
3556 7
3557 7
3558 7
3559 7
3560 7
3561 7
3562 7
3563 7
3564 7
3565 7
3566 7
3567 7
3568 7
3569 7
3570 7
3571 7
3572 7
3573 7
3574 7
3575 7
3576 7
3577 7
3578 7
3579 7
3580 7
3581 7
3582 7
3583 7
3584 7
3585 7
3586 7
3587 7
3588 7
3589 7
3590 7
3591 7
3592 7
3593 7
3594 7
3595 7
3596 7
3597 7
3598 7
3599 7
3600 7
3601 7
3602 7
3603 7
3604 7
3605 7
3606 7
3607 7
3608 7
3609 7
3610 7
3611 7
3612 7
3613 7
3614 7
3615 7
3616 7
3617 7
3618 7
3619 7
3620 7
3621 7
3622 7
3623 7
3624 7
3625 7
3626 7
3627 7
3628 7
3629 7
3630 7
3631 7
3632 7
3633 7
3634 7
3635 7
3636 7
3637 7
3638 7
3639 7
3640 7
3641 7
3642 7
3643 7
3644 7
3645 7
3646 7
3647 7
3648 7
3649 7
3650 7
3651 7
3652 7
3653 7
3654 7
3655 7
3656 7
3657 7
3658 7
3659 7
3660 7
3661 7
3662 7
3663 7
3664 7
3665 7
3666 7
3667 7
3668 7
3669 7
3670 7
3671 7
3672 7
3673 7
3674 7
3675 7
3676 7
3677 7
3678 7
3679 7
3680 7
3681 7
3682 7
3683 7
3684 7
3685 7
3686 7
3687 7
3688 7
3689 7
3690 7
3691 7
3692 7
3693 7
3694 7
3695 7
3696 7
3697 7
3698 7
3699 7
3700 7
3701 7
3702 7
3703 7
3704 7
3705 7
3706 7
3707 7
3708 7
3709 7
3710 7
3711 7
3712 7
3713 7
3714 7
3715 7
3716 7
3717 7
3718 7
3719 7
3720 7
3721 7
3722 7
3723 7
3724 7
3725 7
3726 7
3727 7
3728 7
3729 7
3730 7
3731 7
3732 7
3733 7
3734 7
3735 7
3736 7
3737 7
3738 7
3739 7
3740 7
3741 7
3742 7
3743 7
3744 7
3745 7
3746 7
3747 7
3748 7
3749 7
3750 7
3751 7
3752 7
3753 7
3754 7
3755 7
3756 7
3757 7
3758 7
3759 7
3760 7
3761 7
3762 7
3763 7
3764 7
3765 7
3766 7
3767 7
3768 7
3769 7
3770 7
3771 7
3772 7
3773 7
3774 7
3775 7
3776 7
3777 7
3778 7
3779 7
3780 7
3781 7
3782 7
3783 7
3784 7
3785 7
3786 7
3787 7
3788 7
3789 7
3790 7
3791 7
3792 7
3793 7
3794 7
3795 7
3796 7
3797 7
3798 7
3799 7
3800 7
3801 7
3802 7
3803 7
3804 7
3805 7
3806 7
3807 7
3808 7
3809 7
3810 7
3811 7
3812 7
3813 7
3814 7
3815 7
3816 7
3817 7
3818 7
3819 7
3820 7
3821 7
3822 7
3823 7
3824 7
3825 7
3826 7
3827 7
3828 7
3829 7
3830 7
3831 7
3832 7
3833 7
3834 7
3835 7
3836 7
3837 7
3838 7
3839 7
3840 7
3841 7
3842 7
3843 7
3844 7
3845 7
3846 7
3847 7
3848 7
3849 7
3850 7
3851 7
3852 7
3853 7
3854 7
3855 7
3856 7
3857 7
3858 7
3859 7
3860 7
3861 7
3862 7
3863 7
3864 7
3865 7
3866 7
3867 7
3868 7
3869 7
3870 7
3871 7
3872 7
3873 7
3874 7
3875 7
3876 7
3877 7
3878 7
3879 7
3880 7
3881 7
3882 7
3883 7
3884 7
3885 7
3886 7
3887 7
3888 7
3889 7
3890 7
3891 7
3892 7
3893 7
3894 7
3895 7
3896 7
3897 7
3898 7
3899 7
3900 7
3901 7
3902 7
3903 7
3904 7
3905 7
3906 7
3907 7
3908 7
3909 7
3910 7
3911 7
3912 7
3913 7
3914 7
3915 7
3916 7
3917 7
3918 7
3919 7
3920 7
3921 7
3922 7
3923 7
3924 7
3925 7
3926 7
3927 7
3928 7
3929 7
3930 7
3931 7
3932 7
3933 7
3934 7
3935 7
3936 7
3937 7
3938 7
3939 7
3940 7
3941 7
3942 7
3943 7
3944 7
3945 7
3946 7
3947 7
3948 7
3949 7
3950 7
3951 7
3952 7
3953 7
3954 7
3955 7
3956 7
3957 7
3958 7
3959 7
3960 7
3961 7
3962 7
3963 7
3964 7
3965 7
3966 7
3967 7
3968 7
3969 7
3970 7
3971 7
3972 7
3973 7
3974 7
3975 7
3976 7
3977 7
3978 7
3979 7
3980 7
3981 7
3982 7
3983 7
3984 7
3985 7
3986 7
3987 7
3988 7
3989 7
3990 7
3991 7
3992 7
3993 7
3994 7
3995 7
3996 7
3997 7
3998 7
3999 7
4000 7
4001 7
4002 7
4003 7
4004 7
4005 7
4006 7
4007 7
4008 7
4009 7
4010 7
4011 7
4012 7
4013 7
4014 7
4015 7
4016 7
4017 7
4018 7
4019 7
4020 7
4021 7
4022 7
4023 7
4024 7
4025 7
4026 7
4027 7
4028 7
4029 7
4030 7
4031 7
4032 7
4033 7
4034 7
4035 7
4036 7
4037 7
4038 7
4039 7
4040 7
4041 7
4042 7
4043 7
4044 7
4045 7
4046 7
4047 7
4048 7
4049 7
4050 7
4051 7
4052 7
4053 7
4054 7
4055 7
4056 7
4057 7
4058 7
4059 7
4060 7
4061 7
4062 7
4063 7
4064 7
4065 7
4066 7
4067 7
4068 7
4069 7
4070 7
4071 7
4072 7
4073 7
4074 7
4075 7
4076 7
4077 7
4078 7
4079 7
4080 7
4081 7
4082 7
4083 7
4084 7
4085 7
4086 7
4087 7
4088 7
4089 7
4090 7
4091 7
4092 7
4093 7
4094 7
4095 7
4096 7
4097 7
4098 7
4099 7
4100 7
4101 7
4102 7
4103 7
4104 7
4105 7
4106 7
4107 7
4108 7
4109 7
4110 7
4111 7
4112 7
4113 7
4114 7
4115 7
4116 7
4117 7
4118 7
4119 7
4120 7
4121 7
4122 7
4123 7
4124 7
4125 7
4126 7
4127 7
4128 7
4129 7
4130 7
4131 7
4132 7
4133 7
4134 7
4135 7
4136 7
4137 7
4138 7
4139 7
4140 7
4141 7
4142 7
4143 7
4144 7
4145 7
4146 7
4147 7
4148 7
4149 7
4150 7
4151 7
4152 7
4153 7
4154 7
4155 7
4156 7
4157 7
4158 7
4159 7
4160 7
4161 7
4162 7
4163 7
4164 7
4165 7
4166 7
4167 7
4168 7
4169 7
4170 7
4171 7
4172 7
4173 7
4174 7
4175 7
4176 7
4177 7
4178 7
4179 7
4180 7
4181 7
4182 7
4183 7
4184 7
4185 7
4186 7
4187 7
4188 7
4189 7
4190 7
4191 7
4192 7
4193 7
4194 7
4195 7
4196 7
4197 7
4198 7
4199 7
4200 7
4201 7
4202 7
4203 7
4204 7
4205 7
4206 7
4207 7
4208 7
4209 7
4210 7
4211 7
4212 7
4213 7
4214 7
4215 7
4216 7
4217 7
4218 7
4219 7
4220 7
4221 7
4222 7
4223 7
4224 7
4225 7
4226 7
4227 7
4228 7
4229 7
4230 7
4231 7
4232 7
4233 7
4234 7
4235 7
4236 7
4237 7
4238 7
4239 7
4240 7
4241 7
4242 7
4243 7
4244 7
4245 7
4246 7
4247 7
4248 7
4249 7
4250 7
4251 7
4252 7
4253 7
4254 7
4255 7
4256 7
4257 7
4258 7
4259 7
4260 7
4261 7
4262 7
4263 7
4264 7
4265 7
4266 7
4267 7
4268 7
4269 7
4270 7
4271 7
4272 7
4273 7
4274 7
4275 7
4276 7
4277 7
4278 7
4279 7
4280 7
4281 7
4282 7
4283 7
4284 7
4285 7
4286 7
4287 7
4288 7
4289 7
4290 7
4291 7
4292 7
4293 7
4294 7
4295 7
4296 7
4297 7
4298 7
4299 7
4300 7
4301 7
4302 7
4303 7
4304 7
4305 7
4306 7
4307 7
4308 7
4309 7
4310 7
4311 7
4312 7
4313 7
4314 7
4315 7
4316 7
4317 7
4318 7
4319 7
4320 7
4321 7
4322 7
4323 7
4324 7
4325 7
4326 7
4327 7
4328 7
4329 7
4330 7
4331 7
4332 7
4333 7
4334 7
4335 7
4336 7
4337 7
4338 7
4339 7
4340 7
4341 7
4342 7
4343 7
4344 7
4345 7
4346 7
4347 7
4348 7
4349 7
4350 7
4351 7
4352 7
4353 7
4354 7
4355 7
4356 7
4357 7
4358 7
4359 7
4360 7
4361 7
4362 7
4363 7
4364 7
4365 7
4366 7
4367 7
4368 7
4369 7
4370 7
4371 7
4372 7
4373 7
4374 7
4375 7
4376 7
4377 7
4378 7
4379 7
4380 7
4381 7
4382 7
4383 7
4384 7
4385 7
4386 7
4387 7
4388 7
4389 7
4390 7
4391 7
4392 7
4393 7
4394 7
4395 7
4396 7
4397 7
4398 7
4399 7
4400 7
4401 7
4402 7
4403 7
4404 7
4405 7
4406 7
4407 7
4408 7
4409 7
4410 7
4411 7
4412 7
4413 7
4414 7
4415 7
4416 7
4417 7
4418 7
4419 7
4420 7
4421 7
4422 7
4423 7
4424 7
4425 7
4426 7
4427 7
4428 7
4429 7
4430 7
4431 7
4432 7
4433 7
4434 7
4435 7
4436 7
4437 7
4438 7
4439 7
4440 7
4441 7
4442 7
4443 7
4444 7
4445 7
4446 7
4447 7
4448 7
4449 7
4450 7
4451 7
4452 7
4453 7
4454 7
4455 7
4456 7
4457 7
4458 7
4459 7
4460 7
4461 7
4462 7
4463 7
4464 7
4465 7
4466 7
4467 7
4468 7
4469 7
4470 7
4471 7
4472 7
4473 7
4474 7
4475 7
4476 7
4477 7
4478 7
4479 7
4480 7
4481 7
4482 7
4483 7
4484 7
4485 7
4486 7
4487 7
4488 7
4489 7
4490 7
4491 7
4492 7
4493 7
4494 7
4495 7
4496 7
4497 7
4498 7
4499 7
4500 7
4501 7
4502 7
4503 7
4504 7
4505 7
4506 7
4507 7
4508 7
4509 7
4510 7
4511 7
4512 7
4513 7
4514 7
4515 7
4516 7
4517 7
4518 7
4519 7
4520 7
4521 7
4522 7
4523 7
4524 7
4525 7
4526 7
4527 7
4528 7
4529 7
4530 7
4531 7
4532 7
4533 7
4534 7
4535 7
4536 7
4537 7
4538 7
4539 7
4540 7
4541 7
4542 7
4543 7
4544 7
4545 7
4546 7
4547 7
4548 7
4549 7
4550 7
4551 7
4552 7
4553 7
4554 7
4555 7
4556 7
4557 7
4558 7
4559 7
4560 7
4561 7
4562 7
4563 7
4564 7
4565 7
4566 7
4567 7
4568 7
4569 7
4570 7
4571 7
4572 7
4573 7
4574 7
4575 7
4576 7
4577 7
4578 7
4579 7
4580 7
4581 7
4582 7
4583 7
4584 7
4585 7
4586 7
4587 7
4588 7
4589 7
4590 7
4591 7
4592 7
4593 7
4594 7
4595 7
4596 7
4597 7
4598 7
4599 7
4600 7
4601 7
4602 7
4603 7
4604 7
4605 7
4606 7
4607 7
4608 7
4609 7
4610 7
4611 7
4612 7
4613 7
4614 7
4615 7
4616 7
4617 7
4618 7
4619 7
4620 7
4621 7
4622 7
4623 7
4624 7
4625 7
4626 7
4627 7
4628 7
4629 7
4630 7
4631 7
4632 7
4633 7
4634 7
4635 7
4636 7
4637 7
4638 7
4639 7
4640 7
4641 7
4642 7
4643 7
4644 7
4645 7
4646 7
4647 7
4648 7
4649 7
4650 7
4651 7
4652 7
4653 7
4654 7
4655 7
4656 7
4657 7
4658 7
4659 7
4660 7
4661 7
4662 7
4663 7
4664 7
4665 7
4666 7
4667 7
4668 7
4669 7
4670 7
4671 7
4672 7
4673 7
4674 7
4675 7
4676 7
4677 7
4678 7
4679 7
4680 7
4681 7
4682 7
4683 7
4684 7
4685 7
4686 7
4687 7
4688 7
4689 7
4690 7
4691 7
4692 7
4693 7
4694 7
4695 7
4696 7
4697 7
4698 7
4699 7
4700 7
4701 7
4702 7
4703 7
4704 7
4705 7
4706 7
4707 7
4708 7
4709 7
4710 7
4711 7
4712 7
4713 7
4714 7
4715 7
4716 7
4717 7
4718 7
4719 7
4720 7
4721 7
4722 7
4723 7
4724 7
4725 7
4726 7
4727 7
4728 7
4729 7
4730 7
4731 7
4732 7
4733 7
4734 7
4735 7
4736 7
4737 7
4738 7
4739 7
4740 7
4741 7
4742 7
4743 7
4744 7
4745 7
4746 7
4747 7
4748 7
4749 7
4750 7
4751 7
4752 7
4753 7
4754 7
4755 7
4756 7
4757 7
4758 7
4759 7
4760 7
4761 7
4762 7
4763 7
4764 7
4765 7
4766 7
4767 7
4768 7
4769 7
4770 7
4771 7
4772 7
4773 7
4774 7
4775 7
4776 7
4777 7
4778 7
4779 7
4780 7
4781 7
4782 7
4783 7
4784 7
4785 7
4786 7
4787 7
4788 7
4789 7
4790 7
4791 7
4792 7
4793 7
4794 7
4795 7
4796 7
4797 7
4798 7
4799 7
4800 7
4801 7
4802 7
4803 7
4804 7
4805 7
4806 7
4807 7
4808 7
4809 7
4810 7
4811 7
4812 7
4813 7
4814 7
4815 7
4816 7
4817 7
4818 7
4819 7
4820 7
4821 7
4822 7
4823 7
4824 7
4825 7
4826 7
4827 7
4828 7
4829 7
4830 7
4831 7
4832 7
4833 7
4834 7
4835 7
4836 7
4837 7
4838 7
4839 7
4840 7
4841 7
4842 7
4843 7
4844 7
4845 7
4846 7
4847 7
4848 7
4849 7
4850 7
4851 7
4852 7
4853 7
4854 7
4855 7
4856 7
4857 7
4858 7
4859 7
4860 7
4861 7
4862 7
4863 7
4864 7
4865 7
4866 7
4867 7
4868 7
4869 7
4870 7
4871 7
4872 7
4873 7
4874 7
4875 7
4876 7
4877 7
4878 7
4879 7
4880 7
4881 7
4882 7
4883 7
4884 7
4885 7
4886 7
4887 7
4888 7
4889 7
4890 7
4891 7
4892 7
4893 7
4894 7
4895 7
4896 7
4897 7
4898 7
4899 7
4900 7
4901 7
4902 7
4903 7
4904 7
4905 7
4906 7
4907 7
4908 7
4909 7
4910 7
4911 7
4912 7
4913 7
4914 7
4915 7
4916 7
4917 7
4918 7
4919 7
4920 7
4921 7
4922 7
4923 7
4924 7
4925 7
4926 7
4927 7
4928 7
4929 7
4930 7
4931 7
4932 7
4933 7
4934 7
4935 7
4936 7
4937 7
4938 7
4939 7
4940 7
4941 7
4942 7
4943 7
4944 7
4945 7
4946 7
4947 7
4948 7
4949 7
4950 7
4951 7
4952 7
4953 7
4954 7
4955 7
4956 7
4957 7
4958 7
4959 7
4960 7
4961 7
4962 7
4963 7
4964 7
4965 7
4966 7
4967 7
4968 7
4969 7
4970 7
4971 7
4972 7
4973 7
4974 7
4975 7
4976 7
4977 7
4978 7
4979 7
4980 7
4981 7
4982 7
4983 7
4984 7
4985 7
4986 7
4987 7
4988 7
4989 7
4990 7
4991 7
4992 7
4993 7
4994 7
4995 7
4996 7
4997 7
4998 7
4999 7
